0.0580285860978285
0.0616057554095956
0.0661699485680812
0.110368203325453
0.0578029565371337
0.0820770519262982
0.0557710764285902
0.0700280205205608
0.0662606573561854
0.11140722676482
0.0485792012436275
0.120848708487085
0.0619509612334
0.0684903949169556
0.0680394034670343
0.111098102032763
0.0752048558421852
0.148484848484848
0.0611615352912494
0.0689806317713295
0.0727330786317104
0.104630182257251
0.0811008357962309
0.108357452966715
0.0692290806907616
0.0824057363053224
0.0796355724836352
0.110595743087182
0.0805456230962787
0.119047619047619
0.0384615384615383
0.0785231310146457
0.0847255190885737
0.0862577427846538
0.119945273740007
0.139465872651614
0.181833703261055
0.0508474576271185
0.0886562819364582
0.0873318298554455
0.0908666374947576
0.117500696423797
0.133641669349829
0.193333636625571
0.0588235294117645
0.0850155562219166
0.0860356302865135
0.0897110514225549
0.116518615239467
0.131491362280339
0.185893452997354
0.0588235294117645
0.0905027322812992
0.0856631099220429
0.0908928439745821
0.113709485748407
0.122119535077494
0.158108700180281
0.0632911392405062
0.0868905088600479
0.0837119523447472
0.0842205846355321
0.114873522489097
0.119473613885555
0.20071430260886
0.131578947368421
0.0894822473853202
0.0823529984009329
0.0815169173408324
0.114731848316812
0.133534037326035
0.169712793733681
0.0875912408759123
0.0924890171895854
0.0840963091308028
0.0842323880449305
0.11538364838853
0.120060390661247
0.180227827657515
0.0875912408759123
0.0911218692441065
0.0895952297052774
0.0866003627538822
0.110867410759325
0.12703079248282
0.199355837202493
0.0759493670886076
0.0934145604540954
0.089642904819119
0.0820689690540449
0.110567793471072
0.122912581184153
0.170964822983825
0.0701754385964914
0.097549674751459
0.0920831347632771
0.0855307105578366
0.117744809382464
0.121207078600864
0.128439988447415
0.0108303249097472
0.110156400576095
0.0972752419431585
0.0915856210141879
0.12459607746218
0.12040406967252
0.143088273362672
0.0196078431372548
0.308405488023237
0.181786584532952
0.233490689863009
0.215104892820595
0.123798653047861
0.166681350234271
0.0196078431372548
0.0715571701736035
0.0719340415506353
0.0750610747594648
0.094321481609391
0.0930199179396721
0.0801419219222314
0.0738031093805103
0.0856780781669277
0.0822283329507574
0.101221425326305
0.101013355071334
0.156185644006723
0.126929963756645
0.140638615017737
0.109716038395034
0.128860659920537
0.0598542017282218
0.0031907994772048
0.0802457857150268
0.00276472599363537
0.00177793796624726
0.10703511159651
0.106797768388017
0.450867063639277
0.406395261146463
0.208159399438305
0.13723408931662
0.103427956481954
0.221106393225137
0.0585709457473407
0.00242169789781044
0.0950042930715536
0.0840023304545857
0.0784766042661695
0.0895118840390736
0.0673806133450632
0.122176558503373
0.199951004970318
0.10593388765479
0.072935695912691
0.0840023304545857
0.0840023304545857
0.0784766042661695
0.10593388765479
0.179841980694218
0.159250990593042
0.159250990593042
0.143514351673378
0.138216514289849
0.111369229845484
0.148786518892447
0.252530435732575
0.127546834884245
0.0784766042661695
0.0840023304545857
0.0840023304545857
0.0618123809984309
0.111369229845484
0.189958878232852
0.127546834884245
0.0618123809984309
0.0895118840390736
0.127546834884245
0.0784766042661695
0.11678374234858
0.204899090778632
0.0914907826880471
0.119667211455333
0.102982632793855
0.0918926378730817
0.0884724647442927
0.118108952326952
0.121116497784843
0.115342122443307
0.130487656800753
0.144656137813147
0.164259876718105
0.290595145295378
